world: a3279b04-b4e0-4aab-8c41-ca3344c31a9c
world-name: freebuild
x: 0.5
y: 65.0
z: 0.5
yaw: -19.049968719482422
pitch: 6.000001907348633
name: freebuild
lastowner: 6e874670-66e9-48dd-b16f-48029fc0c645
