world: 75a29a10-1dda-4d47-80f2-fefe9139d981
world-name: lobby
x: 300.4992674161526
y: 50.0
z: -1170.4072545524432
yaw: -89.54975128173828
pitch: -10.950018882751465
name: lobby
lastowner: 6e874670-66e9-48dd-b16f-48029fc0c645
