world: 564e089a-af9b-4f6c-ab32-e5994927cc5f
world-name: world
x: 9977.979158304379
y: 63.0
z: -9991.251622635647
yaw: 148.6927490234375
pitch: 13.800030708312988
name: survival8
lastowner: 6e874670-66e9-48dd-b16f-48029fc0c645
