world: 86209dfc-396f-4f80-a35d-c5e1648721fd
world-name: world
x: -18.350552787461645
y: 66.0
z: -1060.893943600159
yaw: -88.19994354248047
pitch: 32.84996032714844
name: survival1
lastowner: 6e874670-66e9-48dd-b16f-48029fc0c645
