world: 564e089a-af9b-4f6c-ab32-e5994927cc5f
world-name: world
x: -9999.5
y: 75.0
z: 10000.5
yaw: 68.14279174804688
pitch: 76.34999084472656
name: survival6
lastowner: 6e874670-66e9-48dd-b16f-48029fc0c645
