world: 86209dfc-396f-4f80-a35d-c5e1648721fd
world-name: world
x: -740.0163000508259
y: 149.0
z: 482.92719542932946
yaw: -61.04995346069336
pitch: 19.649948120117188
name: survival2
lastowner: 6e874670-66e9-48dd-b16f-48029fc0c645
