world: 564e089a-af9b-4f6c-ab32-e5994927cc5f
world-name: world
x: 10000.791037658011
y: 67.0
z: 9999.996536187839
yaw: 102.04279327392578
pitch: -3.0000035762786865
name: survival5
lastowner: 6e874670-66e9-48dd-b16f-48029fc0c645
