world: 86209dfc-396f-4f80-a35d-c5e1648721fd
world-name: world
x: 1318.7868166029023
y: 72.0
z: -1337.1592153970864
yaw: -35.70009231567383
pitch: 32.250003814697266
name: survival3
lastowner: 6e874670-66e9-48dd-b16f-48029fc0c645
