world: 564e089a-af9b-4f6c-ab32-e5994927cc5f
world-name: world
x: -9999.5
y: 70.0
z: -9999.5
yaw: 112.392822265625
pitch: 14.699983596801758
name: survival7
lastowner: 6e874670-66e9-48dd-b16f-48029fc0c645
