world: 564e089a-af9b-4f6c-ab32-e5994927cc5f
world-name: world
x: 351.3856188627652
y: 144.0
z: -817.1634820049885
yaw: -88.79983520507812
pitch: 2.700035333633423
name: survival4
lastowner: 6e874670-66e9-48dd-b16f-48029fc0c645
