world: 9dcfdd7a-98b4-4e03-86a2-4dadd048d2b5
world-name: town
x: 0.5
y: 65.0
z: 0.5
yaw: -152.24998474121094
pitch: 33.000003814697266
name: town
lastowner: 6e874670-66e9-48dd-b16f-48029fc0c645
