teleportenabled: true
teleportauto: false
godmode: false
muted: false
jailed: false
ip-address: 87.153.77.92
afk: false
socialspy: false
npc: false
powertoolsenabled: true
accepting-pay: true
baltop-exempt: false
timestamps:
  lastteleport: 1766183626270
  lastheal: 0
  mute: 0
  jail: 0
  onlinejail: 0
  logout: 1766352960502
  login: 1766352491577
money: '8102.28924999999995985'
last-account-name: _YoshisWorld_
lastlocation:
  world: 564e089a-af9b-4f6c-ab32-e5994927cc5f
  world-name: world
  x: 321.836746387156
  y: 44.99045040197257
  z: -990.7542233534581
  yaw: -101.42678833007812
  pitch: -64.95003509521484
logoutlocation:
  world: 564e089a-af9b-4f6c-ab32-e5994927cc5f
  world-name: world
  x: -4038.4617932567517
  y: 63.9375
  z: -1466.631581378629
  yaw: 84.93408203125
  pitch: 6.59997034072876
homes:
  home:
    world: 564e089a-af9b-4f6c-ab32-e5994927cc5f
    world-name: world
    x: 376.5108209851664
    y: 240.0
    z: -1000.7566200833355
    yaw: 73.62646484375
    pitch: 21.900407791137695
  nether:
    world: 791f842b-8351-4f15-bddb-9169668d2ed3
    world-name: world_nether
    x: 80.30000001192093
    y: 46.0
    z: -57.054470261553526
    yaw: -93.26174926757812
    pitch: 32.85004806518555
  flo:
    world: 564e089a-af9b-4f6c-ab32-e5994927cc5f
    world-name: world
    x: 362.82399235657294
    y: 144.0
    z: -816.5388122352037
    yaw: 91.77655029296875
    pitch: 14.999971389770508
  h_hle:
    world: 564e089a-af9b-4f6c-ab32-e5994927cc5f
    world-name: world
    x: -174.69999998807907
    y: -55.0
    z: -1231.6190891001265
    yaw: -107.373046875
    pitch: 22.649986267089844
  hohle:
    world: 564e089a-af9b-4f6c-ab32-e5994927cc5f
    world-name: world
    x: -164.4996661458204
    y: -39.0
    z: -1189.9898710990606
    yaw: -94.76971435546875
    pitch: 43.500335693359375
  wald:
    world: 564e089a-af9b-4f6c-ab32-e5994927cc5f
    world-name: world
    x: -1428.5546462921882
    y: 64.0
    z: -1173.699999988079
    yaw: -3.9755859375
    pitch: 15.000102043151855
