teleportenabled: true
teleportauto: false
godmode: false
muted: false
jailed: false
ip-address: 94.139.6.35
afk: false
socialspy: false
npc: false
powertoolsenabled: true
accepting-pay: true
baltop-exempt: false
timestamps:
  lastteleport: 1766420806811
  lastheal: 0
  mute: 0
  jail: 0
  onlinejail: 0
  logout: 1766442908742
  login: 1766441957919
money: '37394.678550000102246000000000000'
last-account-name: ShanaFNS
lastlocation:
  world: 564e089a-af9b-4f6c-ab32-e5994927cc5f
  world-name: world
  x: 408.9177643697759
  y: 47.899977990028205
  z: -831.8324074738732
  yaw: 150.06280517578125
  pitch: 41.70009994506836
logoutlocation:
  world: 564e089a-af9b-4f6c-ab32-e5994927cc5f
  world-name: world
  x: 347.15732688497957
  y: 144.0
  z: -816.4478107186834
  yaw: -92.08935546875
  pitch: 7.200057506561279
homes:
  home:
    world: 564e089a-af9b-4f6c-ab32-e5994927cc5f
    world-name: world
    x: -91.82542792728995
    y: 64.0
    z: -1234.7960174299162
    yaw: 165.56884765625
    pitch: 7.499909400939941
  skybase:
    world: 564e089a-af9b-4f6c-ab32-e5994927cc5f
    world-name: world
    x: 331.69999998807907
    y: 148.0
    z: -823.7679671959692
    yaw: -81.83687591552734
    pitch: 11.100157737731934
  trials:
    world: 564e089a-af9b-4f6c-ab32-e5994927cc5f
    world-name: world
    x: -253.7258574772026
    y: -12.0
    z: -1341.838267689185
    yaw: -78.19488525390625
    pitch: 13.650042533874512
  horse:
    world: 564e089a-af9b-4f6c-ab32-e5994927cc5f
    world-name: world
    x: -121.15715276057668
    y: 65.5
    z: -1142.9389357802231
    yaw: 45.31844711303711
    pitch: 16.987363815307617
