spawns:
  default:
    world: 75a29a10-1dda-4d47-80f2-fefe9139d981
    world-name: lobby
    x: 300.5
    y: 50.0
    z: -1170.5
    yaw: -88.49979400634766
    pitch: -13.3500394821167
